1.0
10.0
100.0
1000.0
1001.0
10017.0
1002.0
1003.0
1004.0
1005.0
10057.0
1006.0
10061.0
10062.0
10069.0
1007.0
1008.0
10080.0
10089.0
1009.0
10096.0
101.0
1010.0
10102.0
10103.0
10104.0
10105.0
10106.0
10107.0
1011.0
10110.0
10114.0
10116.0
10117.0
1012.0
10121.0
10122.0
10123.0
10128.0
10129.0
1013.0
10130.0
10131.0
10132.0
10133.0
10134.0
10135.0
10137.0
10138.0
10139.0
1014.0
10140.0
10141.0
10142.0
10144.0
10145.0
10148.0
10149.0
1015.0
10151.0
10154.0
10155.0
10156.0
10157.0
1016.0
10160.0
10161.0
10162.0
10163.0
10164.0
10165.0
10166.0
10169.0
1017.0
10171.0
10173.0
10178.0
1018.0
10184.0
10185.0
10186.0
1019.0
102.0
1020.0
1021.0
1022.0
1023.0
1024.0
1025.0
1026.0
1027.0
1028.0
1029.0
10295.0
103.0
1030.0
1031.0
1032.0
1033.0
1034.0
1035.0
1036.0
10360.0
10363.0
1037.0
10370.0
10371.0
10378.0
1038.0
1039.0
104.0
1040.0
1041.0
1042.0
1043.0
1044.0
1045.0
1046.0
1047.0
1048.0
1049.0
105.0
1050.0
1051.0
1052.0
1053.0
1054.0
10544.0
10545.0
1055.0
1056.0
1057.0
1058.0
1059.0
106.0
1060.0
10611.0
10617.0
10618.0
1062.0
1063.0
1064.0
1065.0
1066.0
1067.0
1068.0
1069.0
107.0
1070.0
1071.0
1072.0
10723.0
1074.0
10744.0
10745.0
10746.0
10747.0
10748.0
1075.0
10750.0
10751.0
10752.0
10753.0
1076.0
1077.0
10776.0
1078.0
1079.0
10794.0
108.0
1080.0
10800.0
10802.0
10803.0
10804.0
1081.0
1082.0
1083.0
10831.0
1084.0
1085.0
1086.0
1087.0
1088.0
1089.0
109.0
1090.0
1091.0
1092.0
1093.0
10934.0
10938.0
10939.0
1094.0
10941.0
10942.0
10949.0
1095.0
10951.0
10952.0
1096.0
1097.0
1098.0
1099.0
11.0
110.0
1100.0
11004.0
11005.0
11008.0
11009.0
1101.0
11010.0
11011.0
11012.0
11017.0
1102.0
11022.0
1103.0
11030.0
11031.0
11032.0
11035.0
11038.0
1104.0
11048.0
11049.0
1105.0
11053.0
11054.0
11055.0
1106.0
11067.0
11068.0
11069.0
1107.0
11070.0
11071.0
11072.0
11073.0
11074.0
11075.0
11076.0
11077.0
11078.0
11079.0
1108.0
11080.0
11081.0
11082.0
11084.0
11086.0
11087.0
11088.0
11089.0
1109.0
11090.0
11091.0
11092.0
11093.0
11094.0
11095.0
11096.0
11097.0
11098.0
11099.0
111.0
1110.0
11100.0
11101.0
11102.0
11103.0
1111.0
11110.0
11111.0
1112.0
11127.0
1113.0
11131.0
11132.0
11133.0
11134.0
11139.0
1114.0
11140.0
11141.0
11142.0
11143.0
11144.0
11145.0
11146.0
11153.0
1116.0
1117.0
11170.0
11175.0
11176.0
11177.0
11178.0
11179.0
1118.0
11180.0
11181.0
11182.0
1119.0
11193.0
11194.0
11195.0
11198.0
11199.0
112.0
1120.0
11200.0
11201.0
11202.0
11203.0
11204.0
11205.0
11206.0
11207.0
11208.0
11209.0
1121.0
11210.0
11211.0
11212.0
1122.0
11229.0
1123.0
11230.0
11243.0
11255.0
11257.0
11258.0
1126.0
11268.0
11269.0
1127.0
11270.0
11272.0
11273.0
11274.0
11277.0
1128.0
11288.0
1129.0
11290.0
11291.0
11292.0
11293.0
11295.0
11299.0
113.0
1130.0
1131.0
11312.0
1132.0
11328.0
1133.0
11332.0
1134.0
1135.0
11352.0
11353.0
11354.0
11355.0
11357.0
1136.0
1137.0
1138.0
11386.0
11389.0
1139.0
114.0
1140.0
11401.0
11406.0
11407.0
1141.0
1143.0
11431.0
11433.0
11436.0
11438.0
1144.0
1145.0
11452.0
1146.0
1147.0
11479.0
1148.0
1149.0
11498.0
115.0
1150.0
1151.0
1152.0
11524.0
1153.0
1154.0
1156.0
1157.0
1158.0
11583.0
1159.0
116.0
1160.0
1161.0
1162.0
1163.0
11638.0
1164.0
11644.0
11649.0
1165.0
11658.0
1166.0
1167.0
11673.0
1168.0
11684.0
1169.0
117.0
1170.0
11700.0
11702.0
1171.0
11717.0
11718.0
11719.0
1172.0
11720.0
11721.0
11722.0
1173.0
11735.0
11737.0
11738.0
11739.0
1174.0
11740.0
11742.0
11743.0
11744.0
11745.0
11747.0
11748.0
11749.0
1175.0
11750.0
11751.0
11752.0
11753.0
11754.0
11755.0
11756.0
11757.0
11758.0
11759.0
1176.0
11760.0
11761.0
11762.0
11763.0
11764.0
11765.0
11766.0
11767.0
11768.0
11769.0
1177.0
11770.0
11771.0
11772.0
11773.0
11774.0
11775.0
11776.0
11777.0
11778.0
11779.0
1178.0
11780.0
11781.0
11782.0
11783.0
11784.0
11785.0
11786.0
11787.0
11788.0
11789.0
1179.0
11790.0
11791.0
11792.0
11793.0
11794.0
11795.0
11796.0
11797.0
11798.0
11799.0
1180.0
11800.0
11801.0
11802.0
11803.0
11804.0
11805.0
11806.0
11807.0
11808.0
11809.0
1181.0
11810.0
11811.0
11812.0
11813.0
11814.0
11815.0
11816.0
11817.0
11818.0
11819.0
1182.0
11820.0
11821.0
11822.0
11823.0
11824.0
11825.0
11826.0
11827.0
11828.0
11829.0
1183.0
11830.0
11831.0
11832.0
11833.0
11834.0
11835.0
11836.0
11837.0
11838.0
11839.0
1184.0
11840.0
11841.0
11842.0
11843.0
11844.0
11845.0
11846.0
11847.0
11848.0
11849.0
1185.0
11850.0
11851.0
11852.0
11853.0
11854.0
11855.0
11856.0
11857.0
11858.0
11859.0
1186.0
11860.0
11861.0
11862.0
11863.0
11864.0
11865.0
11866.0
11867.0
11868.0
11869.0
1187.0
11870.0
11871.0
11872.0
11873.0
11874.0
11875.0
11876.0
11877.0
11878.0
11879.0
11880.0
11881.0
11882.0
11883.0
11884.0
11885.0
11886.0
11887.0
11888.0
11889.0
1189.0
11890.0
11891.0
11892.0
11893.0
11894.0
11895.0
11896.0
11897.0
11898.0
11899.0
119.0
1190.0
11900.0
11901.0
11902.0
11903.0
11904.0
11905.0
11906.0
11907.0
11908.0
11909.0
1191.0
11910.0
11911.0
11912.0
11913.0
11914.0
11915.0
11916.0
11917.0
11918.0
11919.0
1192.0
11920.0
11921.0
11923.0
11924.0
11925.0
11926.0
11927.0
11928.0
11929.0
1193.0
11930.0
11931.0
11932.0
11933.0
11934.0
11935.0
11936.0
11937.0
11938.0
11939.0
1194.0
11940.0
11941.0
11942.0
11943.0
11944.0
11945.0
11946.0
11947.0
11948.0
11949.0
1195.0
11950.0
11951.0
11952.0
11953.0
11954.0
11955.0
11956.0
11957.0
11958.0
11959.0
1196.0
11960.0
11961.0
11962.0
11963.0
11964.0
11965.0
11966.0
11967.0
11968.0
11969.0
1197.0
11970.0
11971.0
11972.0
11973.0
11974.0
11975.0
11976.0
11977.0
11978.0
11979.0
1198.0
11980.0
11981.0
11982.0
11983.0
11984.0
11985.0
11986.0
11987.0
11988.0
11989.0
1199.0
11990.0
11991.0
11992.0
11993.0
11994.0
11995.0
11996.0
11997.0
11998.0
12.0
120.0
1200.0
12002.0
12003.0
12004.0
12005.0
12006.0
12007.0
12008.0
12009.0
1201.0
12010.0
12011.0
12012.0
12013.0
12014.0
12015.0
12016.0
12017.0
12018.0
12019.0
1202.0
12020.0
12021.0
12022.0
12023.0
12024.0
12025.0
12026.0
12027.0
12028.0
12029.0
1203.0
12030.0
12031.0
12032.0
12033.0
12034.0
12035.0
12036.0
12037.0
12038.0
12039.0
1204.0
12040.0
12041.0
12042.0
12043.0
12044.0
12045.0
12046.0
12047.0
12048.0
12049.0
1205.0
12050.0
12051.0
12052.0
12053.0
12054.0
12055.0
12056.0
12057.0
1206.0
1207.0
1208.0
1209.0
121.0
1210.0
1211.0
1212.0
1213.0
1214.0
1215.0
1216.0
1218.0
1219.0
122.0
1220.0
1221.0
1222.0
1223.0
1224.0
1225.0
1226.0
1227.0
1229.0
123.0
1230.0
1231.0
1232.0
1233.0
1234.0
1235.0
1236.0
1237.0
1238.0
1239.0
124.0
1241.0
1242.0
1243.0
1244.0
1245.0
1246.0
1247.0
1249.0
125.0
1250.0
1251.0
1252.0
1253.0
1254.0
1255.0
1256.0
1257.0
1258.0
1259.0
126.0
1260.0
1261.0
1262.0
1263.0
1264.0
1265.0
1266.0
1267.0
1268.0
1269.0
127.0
1270.0
1271.0
1272.0
1273.0
1274.0
1275.0
1276.0
1277.0
1278.0
1279.0
128.0
1280.0
1281.0
1282.0
1283.0
1284.0
1285.0
1286.0
1287.0
1288.0
1289.0
129.0
1290.0
1291.0
1292.0
1293.0
1294.0
1295.0
1296.0
1297.0
1298.0
1299.0
13.0
130.0
1300.0
1301.0
1302.0
1303.0
1305.0
1306.0
1307.0
1308.0
1309.0
131.0
1310.0
1311.0
1312.0
1313.0
1314.0
1315.0
1316.0
1317.0
1318.0
1319.0
132.0
1320.0
1321.0
1322.0
1323.0
1324.0
1325.0
1326.0
1327.0
1328.0
1329.0
133.0
1330.0
1331.0
1332.0
1333.0
1334.0
1335.0
1336.0
1337.0
1338.0
1339.0
134.0
1340.0
1341.0
1342.0
1343.0
1344.0
1345.0
1346.0
1347.0
1348.0
1349.0
135.0
1350.0
1351.0
1352.0
1353.0
1354.0
1355.0
1356.0
1357.0
1358.0
1359.0
136.0
1360.0
1361.0
1362.0
1363.0
1364.0
1365.0
1366.0
1367.0
1368.0
1369.0
137.0
1370.0
1371.0
1372.0
1373.0
1374.0
1375.0
1376.0
1377.0
1378.0
1379.0
138.0
1380.0
1381.0
1382.0
1383.0
1384.0
1385.0
1386.0
1387.0
1388.0
1389.0
139.0
1390.0
1391.0
1392.0
1393.0
1394.0
1395.0
1396.0
1397.0
1398.0
1399.0
14.0
140.0
1400.0
1401.0
1402.0
1403.0
1404.0
1405.0
1406.0
1407.0
1408.0
1409.0
141.0
1410.0
1411.0
1412.0
1413.0
1414.0
1415.0
1416.0
1417.0
1418.0
1419.0
142.0
1420.0
1421.0
1422.0
1423.0
1424.0
1425.0
1426.0
1427.0
1428.0
1429.0
143.0
1430.0
1431.0
1432.0
1433.0
1434.0
1435.0
1436.0
1437.0
1438.0
1439.0
144.0
1440.0
1441.0
1442.0
1443.0
1444.0
1445.0
1446.0
1447.0
1448.0
1449.0
145.0
1450.0
1451.0
1452.0
1453.0
1454.0
1455.0
1456.0
1457.0
1458.0
1459.0
146.0
1460.0
1461.0
1462.0
1463.0
1464.0
1465.0
1466.0
1467.0
1468.0
1469.0
147.0
1470.0
1471.0
1472.0
1473.0
1474.0
1475.0
1476.0
1478.0
1479.0
148.0
1480.0
1481.0
1482.0
1483.0
1484.0
1485.0
1486.0
1487.0
1488.0
1489.0
149.0
1490.0
1491.0
1492.0
1493.0
1496.0
1498.0
1499.0
15.0
150.0
1500.0
1501.0
1502.0
1503.0
1504.0
1505.0
1506.0
1507.0
1508.0
1509.0
151.0
1510.0
1511.0
1512.0
1513.0
1514.0
1515.0
1516.0
1517.0
1518.0
1519.0
152.0
1520.0
1521.0
1522.0
1523.0
1524.0
1525.0
1526.0
1527.0
1528.0
1529.0
153.0
1530.0
1531.0
1532.0
1534.0
1535.0
1536.0
1537.0
1538.0
1539.0
154.0
1540.0
1541.0
1542.0
1543.0
1544.0
1545.0
1546.0
1547.0
1548.0
1549.0
155.0
1550.0
1551.0
1552.0
1553.0
1554.0
1555.0
1556.0
1558.0
1559.0
156.0
1560.0
1561.0
1562.0
1563.0
1564.0
1565.0
1566.0
1567.0
1568.0
1569.0
157.0
1570.0
1571.0
1572.0
1573.0
1574.0
1575.0
1576.0
1577.0
1578.0
1579.0
158.0
1580.0
1581.0
1582.0
1583.0
1584.0
1585.0
1586.0
1587.0
1588.0
1589.0
159.0
1590.0
1591.0
1592.0
1593.0
1594.0
1595.0
1596.0
1597.0
1598.0
1599.0
16.0
160.0
1600.0
1601.0
1602.0
1603.0
1604.0
1605.0
1606.0
1607.0
1608.0
1609.0
161.0
1610.0
1611.0
1612.0
1613.0
1615.0
1616.0
1617.0
1618.0
1619.0
162.0
1620.0
1621.0
1622.0
1623.0
1624.0
1625.0
1626.0
1627.0
1628.0
1629.0
163.0
1630.0
1631.0
1632.0
1633.0
1634.0
1635.0
1636.0
1637.0
1638.0
1639.0
164.0
1640.0
1641.0
1642.0
1643.0
1645.0
1646.0
1647.0
1648.0
1649.0
165.0
1650.0
1651.0
1652.0
1653.0
1654.0
1655.0
1656.0
1657.0
1658.0
1659.0
166.0
1660.0
1661.0
1662.0
1663.0
1664.0
1665.0
1666.0
1667.0
1668.0
1669.0
167.0
1670.0
1671.0
1672.0
1673.0
1675.0
1676.0
1677.0
1678.0
1679.0
168.0
1680.0
1681.0
1682.0
1683.0
1684.0
1685.0
1686.0
1687.0
1688.0
1689.0
169.0
1690.0
1691.0
1692.0
1693.0
1694.0
1695.0
1696.0
1697.0
1698.0
1699.0
17.0
170.0
1701.0
1702.0
1703.0
1705.0
1706.0
1707.0
1708.0
1709.0
171.0
1710.0
1712.0
1713.0
1715.0
1716.0
1718.0
1719.0
172.0
1721.0
1722.0
1723.0
1724.0
1726.0
1728.0
1729.0
173.0
1731.0
1732.0
1733.0
1734.0
1735.0
1736.0
1737.0
1738.0
1739.0
174.0
1740.0
1741.0
1742.0
1743.0
1744.0
1745.0
1746.0
1747.0
1748.0
1749.0
175.0
1750.0
1751.0
1753.0
1754.0
1755.0
1756.0
1757.0
1758.0
1759.0
176.0
1760.0
1761.0
1762.0
1763.0
1764.0
1765.0
1766.0
1767.0
1769.0
177.0
1770.0
1771.0
1772.0
1773.0
1774.0
1775.0
1776.0
1777.0
1778.0
1779.0
178.0
1780.0
1781.0
1782.0
1783.0
1784.0
1785.0
1786.0
1787.0
1788.0
1789.0
179.0
1790.0
1791.0
1792.0
1793.0
1794.0
1795.0
1796.0
1797.0
1798.0
18.0
180.0
1800.0
1801.0
1802.0
1803.0
1804.0
1805.0
1806.0
1807.0
1808.0
1809.0
181.0
1810.0
1811.0
1813.0
1814.0
1815.0
1816.0
1817.0
1818.0
1819.0
182.0
1820.0
1821.0
1822.0
1823.0
1824.0
1825.0
1826.0
1827.0
1828.0
1829.0
183.0
1830.0
1831.0
1832.0
1833.0
1834.0
1835.0
1836.0
1837.0
1838.0
1839.0
184.0
1840.0
1841.0
1842.0
1843.0
1844.0
1845.0
1846.0
1847.0
1848.0
1849.0
185.0
1850.0
1851.0
1852.0
1853.0
1854.0
1855.0
1856.0
1857.0
1858.0
1859.0
186.0
1860.0
1861.0
1862.0
1863.0
1864.0
1865.0
1866.0
1867.0
1868.0
1869.0
187.0
1870.0
1871.0
1872.0
1874.0
1875.0
1877.0
1878.0
1879.0
188.0
1880.0
1881.0
1882.0
1883.0
1884.0
1885.0
1886.0
1887.0
1889.0
189.0
1890.0
1891.0
1892.0
1893.0
1894.0
1895.0
1896.0
1897.0
1898.0
1899.0
19.0
190.0
1900.0
1901.0
1902.0
1903.0
1904.0
1905.0
1906.0
1907.0
1908.0
1909.0
191.0
1910.0
1911.0
1912.0
1913.0
1914.0
1915.0
1916.0
1917.0
1918.0
1919.0
192.0
1920.0
1921.0
1923.0
1924.0
1925.0
1926.0
1927.0
1928.0
193.0
1930.0
1931.0
1932.0
1933.0
1934.0
1935.0
1936.0
1937.0
194.0
1941.0
1942.0
1943.0
1944.0
1945.0
1946.0
1947.0
1948.0
1949.0
195.0
1950.0
1951.0
1952.0
1953.0
1954.0
1955.0
1956.0
1957.0
1958.0
1959.0
196.0
1960.0
1961.0
1963.0
1964.0
1965.0
1966.0
1968.0
1969.0
197.0
1970.0
1971.0
1972.0
1973.0
1974.0
1975.0
1976.0
1977.0
1978.0
1979.0
198.0
1980.0
1981.0
1982.0
1983.0
1984.0
1985.0
1986.0
1987.0
1989.0
199.0
1990.0
1991.0
1992.0
1993.0
1994.0
1995.0
1997.0
1998.0
1999.0